{"nbformat":4,"nbformat_minor":0,"metadata":{"colab":{"provenance":[],"authorship_tag":"ABX9TyMs/ZeR42qQHC+Sp8jtw/h5"},"kernelspec":{"name":"python3","display_name":"Python 3"},"language_info":{"name":"python"}},"cells":[{"cell_type":"code","execution_count":26,"metadata":{"id":"A97LM2BBmIqQ","executionInfo":{"status":"ok","timestamp":1762339943437,"user_tz":-480,"elapsed":9,"user":{"displayName":"XINYU MIAO","userId":"16502286529705324009"}}},"outputs":[],"source":["import numpy as np"]},{"cell_type":"code","source":["numpy_array = np.array([[0, 1], [2, 3]])"],"metadata":{"id":"IouKV-N0mqlF","executionInfo":{"status":"ok","timestamp":1762339943540,"user_tz":-480,"elapsed":101,"user":{"displayName":"XINYU MIAO","userId":"16502286529705324009"}}},"execution_count":27,"outputs":[]},{"cell_type":"code","source":["random_np = np.random.random((3, 4))\n","print(random_np)"],"metadata":{"colab":{"base_uri":"https://localhost:8080/"},"id":"i5iu7U66mx8q","executionInfo":{"status":"ok","timestamp":1762339943542,"user_tz":-480,"elapsed":7,"user":{"displayName":"XINYU MIAO","userId":"16502286529705324009"}},"outputId":"4276a3ea-2d42-4b36-ebdb-059b1124330f"},"execution_count":28,"outputs":[{"output_type":"stream","name":"stdout","text":["[[0.84891665 0.12984765 0.29439851 0.67093564]\n"," [0.21928237 0.16898177 0.87236541 0.57662144]\n"," [0.38595407 0.6583583  0.61857776 0.54355613]]\n"]}]},{"cell_type":"code","source":["array_ones = np.ones((2, 3))\n","array_zeros = np.zeros((2, 3))"],"metadata":{"id":"xHKptOVQnoF_","executionInfo":{"status":"ok","timestamp":1762339943543,"user_tz":-480,"elapsed":1,"user":{"displayName":"XINYU MIAO","userId":"16502286529705324009"}}},"execution_count":29,"outputs":[]},{"cell_type":"code","source":["random_np = np.random.random((6, 3))\n","transposed = random_np.T\n","print(random_np)\n","print(transposed)"],"metadata":{"colab":{"base_uri":"https://localhost:8080/"},"id":"5wrjnxN7n6Ub","executionInfo":{"status":"ok","timestamp":1762339943551,"user_tz":-480,"elapsed":7,"user":{"displayName":"XINYU MIAO","userId":"16502286529705324009"}},"outputId":"8acc5cef-4b86-4d81-dead-92fe788cc5ae"},"execution_count":30,"outputs":[{"output_type":"stream","name":"stdout","text":["[[0.08389126 0.68170845 0.05794216]\n"," [0.62399551 0.55703547 0.4803491 ]\n"," [0.34669167 0.52669142 0.67819257]\n"," [0.86064116 0.04200222 0.56925217]\n"," [0.97439271 0.77596191 0.54430809]\n"," [0.82428866 0.0043556  0.17075685]]\n","[[0.08389126 0.62399551 0.34669167 0.86064116 0.97439271 0.82428866]\n"," [0.68170845 0.55703547 0.52669142 0.04200222 0.77596191 0.0043556 ]\n"," [0.05794216 0.4803491  0.67819257 0.56925217 0.54430809 0.17075685]]\n"]}]},{"cell_type":"code","source":["n, p, m = 1, 2, 3\n","random_array1 = np.random.rand(n, p)\n","random_array2 = np.random.rand(p, m)\n","dot_product = np.dot(random_array1, random_array2)\n"],"metadata":{"id":"Y8QvWVrBog7X","executionInfo":{"status":"ok","timestamp":1762339943560,"user_tz":-480,"elapsed":8,"user":{"displayName":"XINYU MIAO","userId":"16502286529705324009"}}},"execution_count":31,"outputs":[]}]}